1,0.0000000
5,8.3153161
3,8.4365241
1,9.4471951
3,9.5697254
3,9.5801530
1,9.9334853
5,9.6856205
7,9.7207407
3,9.7893002
5,9.8210940
1,9.8903766
3,9.9170767
9,9.9431148
7,10.0390549
5,9.9587513
3,10.4010308
5,10.1574692
7,10.2200428
5,10.5620622
3,10.5932120
3,10.9015749
1,11.0150359
5,10.9542123
7,10.9687845
3,10.9576151
5,11.0547232
1,10.9714882
3,10.9787729
5,10.9957246
3,11.0029230
5,10.9984481
3,11.1625646
9,11.0236449
7,11.0376796
5,11.0647538
7,11.1008716
3,11.0691488
1,11.1412219
5,11.2583279
3,11.2741847
3,11.2626969
5,11.2638950
11,11.2652855
9,11.2653910
7,11.2710427
5,11.2714099
7,11.2756251
9,11.2756354
5,11.3014907
7,11.3751242
5,11.3380418
3,11.607182
3,11.4224518
1,11.4387736
3,11.4255504
1,11.4753742
5,11.4339916
7,11.4393959
3,11.4478412
5,11.4525348
9,11.4617102
7,11.4866555
5,11.4906715
7,11.4975007
3,11.4950757
5,11.4960046
3,11.5754959
5,11.5759390
11,11.5773314
9,11.5774212
5,11.5799075
3,11.5828652
7,11.5803059
5,11.5806159
7,11.5827059
9,11.5827155
5,11.582755
7,11.582794
11,11.583519
13,11.583519
9,11.585054
7,11.585054
9,11.585844
11,11.585844
3,11.662815
1,11.689912
5,11.668172
7,11.671194
1,11.6699311
3,11.6827835
3,11.675451
5,11.678101
9,11.6825748
7,11.6904980
5,11.6899309
3,11.7395017
5,11.6965990
7,11.7003882
3,11.7456284
5,11.7459060
11,11.7467834
9,11.7468479
7,11.7485091
5,11.7487346
5,11.7487336
3,11.7521006
7,11.7499162
9,11.7499235
3,11.797638
1,11.813966
1,11.8007639
3,11.8068167
5,11.801022
7,11.802865
3,11.805336
5,11.806964
9,11.8094891
7,11.8135874
5,11.8125220
3,11.840302
5,11.8173556
7,11.8199992
3,11.8480632
5,11.8482457
11,11.848815
9,11.848857
7,11.8499088
5,11.850063
5,11.8502809
3,11.851770
7,11.850792
9,11.850801
1,11.867885
3,11.8777586
3,11.88150
1,11.892010
5,11.88371
7,11.884900
3,11.886451
5,11.887531
9,11.8891168
7,11.8915728
1,11.889620
3,11.8916815
5,11.8906550
3,11.908158
5,11.894027
7,11.8958601
3,11.914417
5,11.914548
11,11.914956
9,11.914974
7,11.915664
5,11.915794
5,11.916025
3,11.917705
7,11.916266
9,11.916275
3,11.93715
1,11.944367
5,11.93869
7,11.939548
1,11.940251
3,11.941558
3,11.940529
5,11.941276
9,11.942350
7,11.9439532
5,11.943227
3,11.955024
5,11.945633
7,11.946939
3,11.959842
5,11.959921
11,11.960214
9,11.960225
7,11.960722
5,11.960804
5,11.961020
3,11.962072
9,11.961146
7,11.961146
5,11.97707
7,11.977713
1,11.97794
3,11.9788939
5,11.978969
9,11.9796892
7,11.9807927
5,11.9802232
3,11.988576
1,11.981100
5,11.9819949
7,11.9829591
3,11.99231
5,11.99241
11,11.992554
9,11.992565
7,11.992928
5,11.99300
5,11.9931879
3,11.9939474
7,11.99324
5,12.00502
7,12.005407
1,12.00554
3,12.0062235
5,12.006275
9,12.0068883
7,12.0076829
5,12.0072342
3,12.01339
1,12.00799
5,12.0085719
7,12.0093004
3,12.01625
5,12.01637
11,12.016451
9,12.016451
7,12.016736
5,12.01682
5,12.0169556
3,12.0175234
7,12.01699
3,12.02525
1,12.02818
5,12.02591
7,12.02631
1,12.02627
3,12.0267711
5,12.02696
9,12.0273131
7,12.0279046
5,12.0275472
3,12.03222
5,12.0285807
7,12.0291441
3,12.03448
5,12.03456
5,12.03491
5,12.0350204
3,12.0354592
7,12.03505
3,12.04148
1,12.04370
5,12.04194
1,12.0422275
3,12.0425977
5,12.04276
9,12.0430395
7,12.0434923
5,12.0432041
3,12.0468230
5,12.0440181
7,12.0444624
3,12.04864
5,12.04871
5,12.04897
5,12.0490716
3,12.0494192
7,12.04908
3,12.05417
1,12.05595
5,12.05455
1,12.0547578
3,12.05505
5,12.05519
9,12.0554074
7,12.0557617
5,12.0555265
3,12.0583917
5,12.0561789
7,12.0564114
3,12.0598
5,12.05994
5,12.06012
5,12.0602151
3,12.0604943
3,12.06431
1,12.06575
5,12.06464
1,12.06479
3,12.06500
5,12.06515
9,12.0653080
7,12.0655906
5,12.0653966
3,12.0677041
5,12.0659272
7,12.0662173
3,12.06891
5,12.06898
5,12.06918
5,12.0692020
3,12.0694346
3,12.07254
1,12.07371
5,12.07280
1,12.07291
3,12.0731070
5,12.07323
9,12.0733566
7,12.0735857
5,12.0734239
3,12.0753103
5,12.0738612
7,12.0741004
3,12.07633
5,12.07636
5,12.07653
5,12.0765550
3,12.0767498
5,12.07954
1,12.07961
3,12.0797782
5,12.07990
9,12.0799884
7,12.0801766
5,12.0800406
3,12.0816024
1,12.08030
5,12.0804050
7,12.0806045
3,12.08246
5,12.08253
5,12.08266
1,12.08519
3,12.0853388
9,12.0855171
7,12.0856737
5,12.0855584
3,12.0868662
5,12.0858651
7,12.0860331
3,12.08759
5,12.08765
5,12.08775
3,12.09194
5,12.09199
5,12.09208
3,12.09564
##,Xe,I
3,12.25646
5,12.28292
3,12.28098
3,12.4502
9,12.57507
7,12.57507
7,12.57507
5,12.57563
3,12.5752
3,12.8223
9,12.88545
7,12.88545
7,12.88545
5,12.88585
3,12.8887
3,13.0200
7,13.05407
9,13.05407
7,13.05407
5,13.05407
3,13.05599
3,13.1350
7,13.15569
5,13.15569
9,13.15569
7,13.15569
3,13.15730
3,13.2078
7,13.22156
9,13.22156
7,13.22156
5,13.22156
3,13.22287
3,13.2575
3,13.26776
3,13.2922
3,13.29985
3,13.3178
3,13.32355
3,13.33717
3,13.34159
3,13.35216
3,13.35560
3,13.36396
3,13.36674
3,13.37346
3,13.37570
3,13.38118
3,13.38304
3,13.38758
3,13.39293
## Xe II
3,20.9515
3,22.2262
3,22.5114
3,22.7044
3,22.7837
3,22.9371
3,22.9885
3,23.0685
3,23.1508
3,23.1929
3,23.2062
3,23.2468
3,23.2468
3,23.2721
3,23.3330
3,23.3399
3,23.3523
3,23.3566
3,23.3606
3,23.4224
3,23.4631
3,23.4796
3,23.5814
3,26.3538
3,26.4133
3,26.4545
3,26.4839
3,26.8947
3,26.9719
3,27.0336
3,27.0685
3,27.2888
3,27.3442
3,27.4089
3,27.8234
3,27.9413
3,28.0248
3,28.0850
3,28.1137
3,28.1404
3,28.1571
3,28.5454
3,28.6139
3,28.6794
3,28.7300
3,28.7493
3,28.7733
3,28.7914
3,28.8034
3,28.8128